展翅 (1,1) 

求购 (1249,2) (1298,2) (1613,2) (1684,2) (1698,2) (725,1) (879,1) (1601,1) (882,1) (999,1) (1160,1) (1913,1) (1923,1) (1926,1) 

小松 (1815,3) (136,2) (168,2) (200,2) (218,2) (357,2) (373,2) (475,2) (511,2) (517,2) (519,2) (525,2) (549,2) (817,2) (856,2) (1150,2) (1158,2) (1180,2) (1198,2) (1201,2) (1579,2) (1611,2) (1676,2) (1740,2) (76,2) (1855,2) (1938,2) (1982,2) (267,1) (556,1) (558,1) (589,1) (593,1) (665,1) (671,1) (724,1) (765,1) (273,1) (837,1) (839,1) (293,1) (876,1) (888,1) (979,1) (987,1) (993,1) (1021,1) (301,1) (138,1) (142,1) (1182,1) (375,1) (1199,1) (406,1) (1202,1) (1246,1) (1326,1) (1346,1) (1433,1) (1439,1) (1462,1) (1474,1) (1494,1) (1565,1) (159,1) (1601,1) (489,1) (1645,1) (496,1) (1680,1) (1689,1) (102,1) (1758,1) (516,1) (1843,1) (182,1) (1918,1) (108,1) (1973,1) (71,1) 

沃尔沃 (103,2) (287,2) (392,2) (930,2) (1091,2) (1186,2) (1675,2) (1698,2) (1896,2) (1993,2) (1082,1) (192,1) (508,1) (1321,1) (809,1) (1681,1) (99,1) (1884,1) (1053,1) (1957,1) (1079,1) (1996,1) 

是 

 

 

 

